20200203;3235.66;3268.44;3235.66;3248.92;0
20200204;3280.61;3306.92;3280.61;3297.59;0
20200205;3324.91;3337.58;3313.75;3334.69;0
20200206;3344.92;3347.96;3334.39;3345.78;0
20200207;3335.54;3341.42;3322.12;3327.71;0
20200210;3318.28;3352.26;3317.77;3352.09;0
20200211;3365.87;3375.63;3352.72;3357.75;0
20200212;3370.5;3381.47;3369.72;3379.45;0
20200213;3365.9;3385.09;3360.52;3373.94;0
20200214;3378.08;3380.69;3366.15;3380.16;0
20200218;3369.04;3375.01;3355.61;3370.29;0
20200219;3380.39;3393.52;3378.83;3386.15;0
20200220;3380.45;3389.15;3341.02;3373.23;0
20200221;3360.5;3360.76;3328.45;3337.75;0
20200224;3257.61;3259.81;3214.65;3225.89;0
20200225;3238.94;3246.99;3118.77;3128.21;0
20200226;3139.9;3182.51;3108.99;3116.39;0
20200227;3062.54;3097.07;2977.39;2978.76;0
20200228;2916.9;2959.72;2855.84;2954.22;0
20200302;2974.28;3090.96;2945.19;3090.23;0
20200303;3096.46;3136.72;2976.63;3003.37;0
20200304;3045.75;3130.97;3034.38;3130.12;0
20200305;3075.7;3083.04;2999.83;3023.94;0
20200306;2954.2;2985.93;2901.54;2972.37;0
20200309;2863.89;2863.89;2734.43;2746.56;0
20200310;2813.48;2882.59;2734;2882.23;0
20200311;2825.6;2825.6;2707.22;2741.38;0
20200312;2630.86;2660.95;2478.86;2480.64;0
20200313;2569.99;2711.33;2492.37;2711.02;0
20200316;2508.59;2562.98;2380.94;2386.13;0
20200317;2425.66;2553.93;2367.04;2529.19;0
20200318;2436.5;2453.57;2280.52;2398.1;0
20200319;2393.48;2466.97;2319.78;2409.39;0
20200320;2431.94;2453.01;2295.56;2304.92;0
20200323;2290.71;2300.73;2191.86;2237.4;0
20200324;2344.44;2449.71;2344.44;2447.33;0
20200325;2457.77;2571.42;2407.53;2475.56;0
20200326;2501.29;2637.01;2500.72;2630.07;0
20200327;2555.87;2615.91;2520.02;2541.47;0
20200330;2558.98;2631.8;2545.28;2626.65;0
20200331;2614.69;2641.39;2571.15;2584.59;0
20200401;2498.08;2522.75;2447.49;2470.5;0
20200402;2458.54;2533.22;2455.79;2526.9;0
20200403;2514.92;2538.18;2459.96;2488.65;0
20200406;2578.28;2676.85;2574.57;2663.68;0
20200407;2738.65;2756.89;2657.67;2659.41;0
20200408;2685;2760.75;2663.3;2749.98;0
20200409;2776.99;2818.57;2762.36;2789.82;0
20200413;2782.46;2782.46;2721.17;2761.63;0
20200414;2805.1;2851.85;2805.1;2846.06;0
20200415;2795.64;2801.88;2761.54;2783.36;0
20200416;2799.34;2806.51;2764.32;2799.55;0
20200417;2842.43;2879.22;2830.88;2874.56;0
20200420;2845.62;2868.98;2820.43;2823.16;0
20200421;2784.81;2785.54;2727.1;2736.56;0
20200422;2787.89;2815.1;2775.95;2799.31;0
20200423;2810.42;2844.9;2794.26;2797.8;0
20200424;2812.64;2842.71;2791.76;2836.74;0
20200427;2854.65;2887.72;2852.89;2878.48;0
20200428;2909.96;2921.15;2860.71;2863.39;0
20200429;2918.46;2954.86;2912.16;2939.51;0
20200430;2930.91;2930.91;2892.47;2912.43;0
20200501;2869.09;2869.09;2821.61;2830.71;0
20200504;2815.01;2844.24;2797.85;2842.74;0
20200505;2868.88;2898.23;2863.55;2868.44;0
20200506;2883.14;2891.11;2847.65;2848.42;0
20200507;2878.26;2901.92;2876.48;2881.19;0
20200508;2908.83;2932.16;2902.88;2929.8;0
20200511;2915.46;2944.25;2903.44;2930.32;0
20200512;2939.5;2945.82;2869.59;2870.12;0
20200513;2865.86;2874.14;2793.15;2820;0
20200514;2794.54;2852.8;2766.64;2852.5;0
20200515;2829.95;2865.01;2816.78;2863.7;0
20200518;2913.86;2968.09;2913.86;2953.91;0
20200519;2948.59;2964.21;2922.35;2922.94;0
20200520;2953.63;2980.29;2953.63;2971.61;0
20200521;2969.95;2978.5;2938.57;2948.51;0
20200522;2948.05;2956.76;2933.59;2955.45;0
20200526;3004.08;3021.72;2988.17;2991.77;0
20200527;3015.65;3036.25;2969.75;3036.13;0
20200528;3046.61;3068.67;3023.4;3029.73;0
20200529;3025.17;3049.17;2998.61;3044.31;0
20200601;3038.78;3062.18;3031.54;3055.73;0
20200602;3064.78;3081.07;3051.64;3080.82;0
20200603;3098.9;3130.94;3098.9;3122.87;0
20200604;3111.56;3128.91;3090.41;3112.35;0
20200605;3163.84;3211.72;3163.84;3193.93;0
20200608;3199.92;3233.13;3196;3232.39;0
20200609;3213.32;3222.71;3193.11;3207.18;0
20200610;3213.42;3223.27;3181.49;3190.14;0
20200611;3123.53;3123.53;2999.49;3002.1;0
20200612;3071.04;3088.42;2984.47;3041.31;0
20200615;2993.76;3079.76;2965.66;3066.59;0
20200616;3131;3153.45;3076.06;3124.74;0
20200617;3136.13;3141.16;3108.03;3113.49;0
20200618;3101.64;3120;3093.51;3115.34;0
20200619;3140.29;3155.53;3083.11;3097.74;0
20200622;3094.42;3120.92;3079.39;3117.86;0
20200623;3138.7;3154.9;3127.12;3131.29;0
20200624;3114.4;3115.01;3032.13;3050.33;0
20200625;3046.6;3086.25;3024.01;3083.76;0
20200626;3073.2;3073.73;3004.63;3009.05;0
20200629;3018.59;3053.89;2999.74;3053.24;0
20200630;3050.2;3111.51;3047.83;3100.29;0
20200701;3105.92;3128.44;3101.17;3115.86;0
20200702;3143.64;3165.81;3124.52;3130.01;0
20200706;3155.29;3182.59;3155.29;3179.72;0
20200707;3166.44;3184.15;3142.93;3145.32;0
20200708;3153.07;3171.8;3136.53;3169.94;0
20200709;3176.17;3179.78;3115.7;3152.05;0
20200710;3152.47;3186.82;3136.22;3185.04;0
20200713;3205.08;3235.32;3149.43;3155.22;0
20200714;3141.11;3200.95;3127.66;3197.52;0
20200715;3225.98;3238.28;3200.76;3226.56;0
20200716;3208.36;3220.39;3198.59;3215.57;0
20200717;3224.21;3233.52;3205.65;3224.73;0
20200720;3224.29;3258.61;3215.16;3251.84;0
20200721;3268.52;3277.29;3247.77;3257.3;0
20200722;3254.86;3279.32;3253.1;3276.02;0
20200723;3271.64;3279.99;3222.66;3235.66;0
20200724;3218.58;3227.26;3200.05;3215.63;0
20200727;3219.84;3241.43;3214.25;3239.41;0
20200728;3234.27;3243.72;3216.17;3218.44;0
20200729;3227.22;3264.74;3227.22;3258.44;0
20200730;3231.76;3250.92;3204.13;3246.22;0
20200731;3270.45;3272.17;3220.26;3271.12;0
20200803;3288.26;3302.73;3284.53;3294.61;0
20200804;3289.92;3306.84;3286.37;3306.51;0
20200805;3317.37;3330.77;3317.37;3327.77;0
20200806;3323.17;3351.03;3318.14;3349.16;0
20200807;3340.05;3352.54;3328.72;3351.28;0
20200810;3356.04;3363.29;3335.44;3360.47;0
20200811;3370.34;3381.01;3326.44;3333.69;0
20200812;3355.46;3387.89;3355.46;3380.35;0
20200813;3372.95;3387.24;3363.35;3373.43;0
20200814;3368.66;3378.51;3361.64;3372.85;0
20200817;3380.86;3387.59;3379.22;3381.99;0
20200818;3387.04;3395.06;3370.15;3389.78;0
20200819;3392.51;3399.54;3369.66;3374.85;0
20200820;3360.48;3390.8;3354.69;3385.51;0
20200821;3386.01;3399.96;3379.31;3397.16;0
20200824;3418.09;3432.09;3413.13;3431.28;0
20200825;3435.95;3444.21;3425.84;3443.62;0
20200826;3449.97;3481.07;3444.15;3478.73;0
20200827;3485.14;3501.38;3468.35;3484.55;0
20200828;3494.69;3509.23;3484.32;3508.01;0
20200831;3509.73;3514.77;3493.25;3500.31;0
20200901;3507.44;3528.03;3494.6;3526.65;0
20200902;3543.76;3588.11;3535.23;3580.84;0
20200903;3564.74;3564.85;3427.41;3455.06;0
20200904;3453.6;3479.15;3349.63;3426.96;0
20200908;3371.88;3379.97;3329.27;3331.84;0
20200909;3369.82;3424.77;3366.84;3398.96;0
20200910;3412.56;3425.55;3329.25;3339.19;0
20200911;3352.7;3368.95;3310.47;3340.97;0
20200914;3363.56;3402.93;3363.56;3383.54;0
20200915;3407.73;3419.48;3389.25;3401.2;0
20200916;3411.23;3428.92;3384.45;3385.49;0
20200917;3346.86;3375.17;3328.82;3357.01;0
20200918;3357.38;3362.27;3292.4;3319.47;0
20200921;3285.57;3285.57;3229.1;3281.06;0
20200922;3295.75;3320.31;3270.95;3315.57;0
20200923;3320.11;3323.35;3232.57;3236.92;0
20200924;3226.14;3278.7;3209.45;3246.59;0
20200925;3236.66;3306.88;3228.44;3298.46;0
20200928;3333.9;3360.74;3332.91;3351.6;0
20200929;3350.92;3357.92;3327.54;3335.47;0
20200930;3341.21;3393.56;3340.47;3363;0
20201001;3385.87;3397.18;3361.39;3380.8;0
20201002;3338.94;3369.1;3323.69;3348.44;0
20201005;3367.27;3409.57;3367.27;3408.63;0
20201006;3408.74;3431.56;3354.54;3360.95;0
20201007;3384.56;3426.26;3384.56;3419.45;0
20201008;3434.28;3447.28;3428.15;3446.83;0
20201009;3459.67;3482.34;3458.07;3477.13;0
20201012;3500.02;3549.85;3499.61;3534.22;0
20201013;3534.01;3534.01;3500.86;3511.93;0
20201014;3515.47;3527.94;3480.55;3488.67;0
20201015;3453.72;3489.08;3440.89;3483.34;0
20201016;3493.5;3515.76;3480.45;3483.81;0
20201019;3493.66;3502.42;3419.93;3426.92;0
20201020;3439.38;3476.93;3435.65;3443.12;0
20201021;3439.91;3464.86;3433.06;3435.56;0
20201022;3438.5;3460.53;3415.34;3453.49;0
20201023;3464.9;3466.46;3440.45;3465.39;0
20201026;3441.42;3441.42;3364.86;3400.97;0
20201027;3403.15;3409.51;3388.71;3390.68;0
20201028;3342.48;3342.48;3268.89;3271.03;0
20201029;3277.17;3341.05;3259.82;3310.11;0
20201030;3293.59;3304.93;3233.94;3269.96;0
20201102;3296.2;3330.14;3279.74;3310.24;0
20201103;3336.25;3389.49;3336.25;3369.02;0
20201104;3406.46;3486.25;3405.17;3443.44;0
20201105;3485.74;3529.05;3485.74;3510.45;0
20201106;3508.34;3521.58;3484.34;3509.44;0
20201109;3583.04;3645.99;3547.48;3550.5;0
20201110;3543.26;3557.22;3511.91;3545.53;0
20201111;3563.22;3581.16;3557;3572.66;0
20201112;3562.67;3569.02;3518.58;3537.01;0
20201113;3552.57;3593.66;3552.57;3585.15;0
20201116;3600.16;3628.51;3600.16;3626.91;0
20201117;3610.31;3623.11;3588.68;3609.53;0
20201118;3612.09;3619.09;3567.33;3567.79;0
20201119;3559.41;3585.22;3543.84;3581.87;0
20201120;3579.31;3581.23;3556.85;3557.54;0
20201123;3566.82;3589.81;3552.77;3577.59;0
20201124;3594.52;3642.31;3594.52;3635.41;0
20201125;3635.5;3635.5;3617.76;3629.65;0
20201127;3638.55;3644.31;3629.33;3638.35;0
20201130;3634.18;3634.18;3594.39;3621.63;0
20201201;3645.87;3678.45;3645.87;3662.45;0
20201202;3653.78;3670.96;3644.84;3669.01;0
20201203;3668.28;3682.73;3657.17;3666.72;0
20201204;3670.94;3699.2;3670.94;3699.12;0
20201207;3694.73;3697.41;3678.88;3691.96;0
20201208;3683.05;3708.45;3678.83;3702.25;0
20201209;3705.98;3712.39;3660.54;3672.82;0
20201210;3659.13;3678.49;3645.18;3668.1;0
20201211;3656.08;3665.91;3633.4;3663.46;0
20201214;3675.27;3697.61;3645.84;3647.49;0
20201215;3666.41;3695.29;3659.62;3694.62;0
20201216;3696.25;3711.27;3688.57;3701.17;0
20201217;3713.65;3725.12;3710.87;3722.48;0
20201218;3722.39;3726.7;3685.84;3709.41;0
20201221;3684.28;3702.9;3636.48;3694.92;0
20201222;3698.08;3698.26;3676.16;3687.26;0
20201223;3693.42;3711.24;3689.28;3690.01;0
20201224;3694.03;3703.82;3689.32;3703.06;0
20201228;3723.03;3740.51;3723.03;3735.36;0
20201229;3750.01;3756.12;3723.31;3727.04;0
20201230;3736.19;3744.63;3730.21;3732.04;0
20201231;3733.27;3760.2;3726.88;3756.07;0
20210104;3764.61;3769.99;3662.71;3700.65;0
20210105;3698.02;3737.83;3695.07;3726.86;0
20210106;3712.2;3783.04;3705.34;3748.14;0
20210107;3764.71;3811.55;3764.71;3803.79;0
20210108;3815.05;3826.69;3783.6;3824.68;0
20210111;3803.14;3817.86;3789.02;3799.61;0
20210112;3801.62;3810.78;3776.51;3801.19;0
20210113;3802.23;3820.96;3791.5;3809.84;0
20210114;3814.98;3823.6;3792.86;3795.54;0
20210115;3788.73;3788.73;3749.62;3768.25;0
20210119;3781.88;3804.53;3780.37;3798.91;0
20210120;3816.22;3859.75;3816.22;3851.85;0
20210121;3857.46;3861.45;3845.05;3853.07;0
20210122;3844.24;3852.31;3830.41;3841.47;0
20210125;3851.68;3859.23;3797.16;3855.36;0
20210126;3862.96;3870.9;3847.78;3849.62;0
20210127;3836.83;3836.83;3732.48;3750.77;0
20210128;3755.75;3830.5;3755.75;3787.38;0
20210129;3778.05;3778.05;3694.12;3714.24;0
20210201;3731.17;3784.32;3725.62;3773.86;0
